Id,SalePrice
1461,123468.93531428573
1462,151458.70561507938
1463,182556.15121111102
1464,189894.8199388888
1465,204274.15893492065
1466,180599.27949801588
1467,168410.64668809515
1468,175362.720913853
1469,186233.79172112342
1470,116241.00316746024
1471,189424.67766398055
1472,95989.04422871573
1473,100188.6310064936
1474,153783.52167142852
1475,133049.77633412706
1476,416053.2852075397
1477,251236.4938876983
1478,319516.19011944404
1479,300590.2883746029
1480,419451.4911005054
1481,332691.2763579364
1482,219880.05320634914
1483,174716.88926594506
1484,170253.65351349214
1485,163789.87750793668
1486,196207.42980588027
1487,326134.4988642854
1488,240338.0166769008
1489,203163.50409545426
1490,185308.20154841273
1491,187786.7956436507
1492,110717.26220714285
1493,184359.97410750354
1494,289498.12181309523
1495,300561.82183849195
1496,214591.12957936508
1497,201407.80780696237
1498,154287.28768809536
1499,152651.09970238112
1500,158455.5480047618
1501,172127.75291320356
1502,156945.77531980522
1503,281809.62378055556
1504,237888.1516333334
1505,213941.45109747475
1506,180614.70084444445
1507,231684.21110396853
1508,195102.734286508
1509,160025.88913470428
1510,146847.79405476188
1511,151606.248354365
1512,158997.66371904762
1513,145383.66907251088
1514,151405.53362460318
1515,194230.2684230161
1516,156670.71708809517
1517,156719.24908650783
1518,137027.72980739552
1519,208994.55557063487
1520,142380.62523809526
1521,144514.75897222222
1522,160456.70903174608
1523,112426.27835476192
1524,124895.041282906
1525,123339.91596471869
1526,119778.4554640693
1527,105615.04162857146
1528,127073.11437366514
1529,142060.6735853175
1530,170426.5881071428
1531,137916.21864206356
1532,96897.8997365079
1533,144080.04761706357
1534,118847.59173040286
1535,148981.01803174612
1536,113715.863090873
1537,100058.01942009377
1538,188843.4912896826
1539,229477.89778214268
1540,120620.04293888895
1541,142728.07461587302
1542,142094.52757936507
1543,230759.2782234127
1544,81217.65366666664
1545,99739.65431388885
1546,125056.43236507938
1547,134190.90583571425
1548,126525.43038333338
1549,110749.57727027421
1550,153703.6820261905
1551,120803.96289841272
1552,154984.89323174595
1553,123335.63629126982
1554,105211.48539314569
1555,158540.20692698422
1556,97197.70463809531
1557,121372.30241428575
1558,103575.66336269828
1559,119650.02019523807
1560,153350.38831587296
1561,138874.80111998555
1562,134147.59881746027
1563,123807.89102857141
1564,169564.5957785714
1565,153200.80395404066
1566,216816.41181587323
1567,88430.24279365085
1568,215272.0376217172
1569,154055.06402301582
1570,136767.2538706349
1571,141277.97772142853
1572,146308.42999491357
1573,229374.844779365
1574,145284.19717936512
1575,206094.4708440477
1576,204012.7375499999
1577,202090.8544503968
1578,141948.62291558454
1579,138908.81365079377
1580,190593.64192301597
1581,136148.04824920645
1582,123097.94030916307
1583,327165.3987785714
1584,235415.76466937244
1585,138590.9358293651
1586,79651.00965873017
1587,108237.89677460324
1588,154390.12168499295
1589,110764.64047777784
1590,144450.5394333335
1591,92196.64336031744
1592,136440.40360357153
1593,121638.36904849041
1594,148439.68931825395
1595,141027.83884430013
1596,249664.43121190477
1597,160423.04716933626
1598,179827.26558052495
1599,215043.439704365
1600,200727.01681428566
1601,61856.07261904759
1602,116691.95720909104
1603,96261.3268257936
1604,286072.8342202383
1605,269548.94285039685
1606,167271.80267294383
1607,176331.4911852814
1608,203855.3788587302
1609,196403.67769999994
1610,163237.02595833346
1611,155083.99581111115
1612,174495.95147380952
1613,174994.56258452396
1614,118115.86929047624
1615,85356.65288492068
1616,84096.53800396828
1617,85421.05722936512
1618,130743.32521269846
1619,131754.47938888898
1620,177548.23590183977
1621,141048.14282597404
1622,139175.20356291474
1623,270410.19943095255
1624,209173.19005317462
1625,121845.18768412697
1626,174049.28034920644
1627,184757.2496944443
1628,280280.91964119754
1629,174345.18294047622
1630,298865.8452261906
1631,251274.01222857152
1632,253971.06662698422
1633,162782.97088333342
1634,185404.32736940825
1635,179154.68564603175
1636,167299.54683881663
1637,180283.65215079367
1638,208487.76148867237
1639,184556.90825873017
1640,242725.81956746033
1641,190607.43737063464
1642,230459.0792273086
1643,237143.78994722216
1644,231138.23432766955
1645,183946.73564285698
1646,155559.37104228002
1647,166014.44991388885
1648,146626.46592023806
1649,136751.22807460316
1650,117300.17646904761
1651,124990.11974285716
1652,99641.8353588744
1653,103488.75186998556
1654,162509.11188015857
1655,152557.89180772012
1656,151821.7029761905
1657,156795.14812222222
1658,158320.3542059524
1659,138268.57166269844
1660,145683.98423888898
1661,432376.38708928553
1662,404859.95253968256
1663,391569.90686428605
1664,427428.15930753964
1665,348551.1640543647
1666,307054.5429850288
1667,345288.12954087293
1668,362725.5212809523
1669,303610.77597380924
1670,361954.66979563487
1671,243125.63706785682
1672,400283.60389098123
1673,298494.44524523825
1674,248752.51380039682
1675,187566.73409285725
1676,185581.20862857145
1677,202177.4493892858
1678,411126.77160753985
1679,360629.2207357142
1680,320459.21086468245
1681,277679.4929051589
1682,297767.26460119046
1683,181331.62478647742
1684,170603.43978643592
1685,178023.24831825396
1686,175325.16375674595
1687,163464.6568472225
1688,181851.04581857863
1689,188327.79844707783
1690,181133.79681024535
1691,165954.59922799436
1692,275861.3655194445
1693,165189.8099396827
1694,181158.72380393205
1695,166515.3743554836
1696,252124.28427817448
1697,166921.44543088047
1698,341403.0705714287
1699,342731.7726305556
1700,239661.33887103182
1701,263395.24573333346
1702,249938.6494742064
1703,250467.9162304113
1704,280444.84931984125
1705,250784.9947428571
1706,419310.66871825367
1707,202330.5362906925
1708,202047.2394732324
1709,283217.62140277773
1710,246876.91657539684
1711,271800.0734353175
1712,263622.5799968252
1713,243621.80603134894
1714,226365.08009704197
1715,208627.547785137
1716,173782.1530317461
1717,160921.45982857147
1718,152647.07941594528
1719,200767.5035527778
1720,259183.229097078
1721,153300.1124068376
1722,145104.15274372298
1723,157483.76951556778
1724,205909.59014325406
1725,232477.97506349217
1726,195949.74890317442
1727,175478.95198102447
1728,182247.12632153687
1729,159085.726922619
1730,172652.29173015876
1731,130545.41653751819
1732,129090.93862510833
1733,126803.21172698408
1734,127725.7204386725
1735,132543.39484126988
1736,123185.12522777781
1737,342193.14361428615
1738,216374.73877539678
1739,282893.4696075396
1740,205706.0375794372
1741,181123.68522380953
1742,172081.14349653685
1743,177037.75535270557
1744,303259.88256428594
1745,258259.93064682526
1746,253507.24427460303
1747,224410.09387222215
1748,220697.59183455995
1749,164738.45393968263
1750,149763.40526190473
1751,227819.25581803743
1752,124970.73900793644
1753,139399.85770147914
1754,215179.78535992064
1755,167334.76780158747
1756,121540.5143079365
1757,123538.66242698402
1758,143565.31526230174
1759,154823.06635714287
1760,164002.5267626984
1761,155004.28985873028
1762,173099.67492460314
1763,177040.3870396825
1764,122264.53854033187
1765,159240.02626414146
1766,166903.51007301596
1767,190263.55856984115
1768,139019.03875000007
1769,169481.70699004884
1770,135057.1948571429
1771,134841.6793198412
1772,141545.20765873019
1773,139543.37401111107
1774,143449.6918857144
1775,138795.1351061328
1776,124530.73771962484
1777,110055.30500793645
1778,128938.87455555555
1779,125670.46840000001
1780,175040.93100238102
1781,130376.74565396826
1782,106252.0648079365
1783,133176.21477196965
1784,91497.28166868688
1785,112273.48712081535
1786,180635.3315984127
1787,173083.73503888902
1788,61780.73091269839
1789,105235.73538557003
1790,94495.78187222224
1791,192859.3976887807
1792,153065.05918650795
1793,145372.0005929794
1794,144326.6275931458
1795,141514.14920674605
1796,133762.43401825408
1797,128105.60983650801
1798,126668.87640158732
1799,110925.73603015866
1800,131776.14025634923
1801,131344.07896190477
1802,158516.52335238096
1803,151053.09784949507
1804,138362.40503600283
1805,135989.97540964594
1806,114712.72333015871
1807,126570.00335555559
1808,117632.88382171717
1809,119395.7774428571
1810,149088.28876031752
1811,115119.05276904778
1812,107984.8714857143
1813,117470.38262060437
1814,92655.7904506494
1815,81144.40440541127
1816,96459.02434985571
1817,128124.35293650793
1818,123159.84375079365
1819,113754.25399259623
1820,74473.79336825396
1821,124074.52959047623
1822,144090.08899523815
1823,59247.596553968244
1824,135680.6813253968
1825,144616.47670779232
1826,104318.61868874458
1827,107589.38015738709
1828,139286.51220317456
1829,114755.3616678571
1830,137017.07037301591
1831,169781.59809126979
1832,126959.82760620504
1833,136779.40546190483
1834,120817.03807074035
1835,185050.13165079354
1836,132817.57885101016
1837,82312.30008333336
1838,124875.7229685427
1839,82728.31206825397
1840,168749.20269444442
1841,155908.4312404042
1842,102210.99049668113
1843,140361.44751904748
1844,140125.2230309524
1845,147173.31205158733
1846,151519.29002164502
1847,163382.01293015882
1848,60154.01574603169
1849,121684.31423095231
1850,136107.44390079367
1851,148761.76480873005
1852,134863.66957597414
1853,135066.46175476196
1854,159481.49242466426
1855,153533.92915411273
1856,220480.21368650784
1857,173038.14609285723
1858,150790.7820961761
1859,128610.58821587294
1860,158319.84591186894
1861,128870.04236825387
1862,283552.9062992065
1863,283552.9062992065
1864,283552.9062992065
1865,354422.323742857
1866,362990.2663238094
1867,246047.9603321426
1868,280015.67814927874
1869,197030.31273888884
1870,245282.53134444437
1871,276565.5842880952
1872,166850.2311626985
1873,224002.73568730176
1874,135059.6411785716
1875,203617.68280714285
1876,197829.96576111097
1877,195184.11888095213
1878,208459.48893134927
1879,129679.41775396818
1880,131651.70827619053
1881,226505.08192380966
1882,250095.2672353173
1883,196504.6878313491
1884,224028.11640317467
1885,241764.43893095234
1886,278567.8927905482
1887,192611.36918412716
1888,259666.05158080804
1889,161777.4872658732
1890,129342.19969285715
1891,144361.67402420647
1892,110318.38126785713
1893,128421.56673095236
1894,130039.19854098125
1895,147879.90786190477
1896,119114.54129126982
1897,119125.90416349204
1898,101721.04310952377
1899,142243.23376096677
1900,126199.13789473302
1901,161258.52675461757
1902,145959.996984127
1903,232238.29945476187
1904,140972.93249523803
1905,178106.84155476198
1906,160777.8665039683
1907,187954.23742330458
1908,124552.27924285718
1909,137382.60450992064
1910,131534.33728452382
1911,183285.93080079372
1912,271713.2924523811
1913,139438.12368015878
1914,64578.07354761906
1915,322865.9233150796
1916,73527.39498174608
1917,264229.0598738097
1918,134631.2527007936
1919,157223.16311071432
1920,170541.63394603177
1921,382168.2233496029
1922,338999.36708412674
1923,212110.33262103162
1924,232869.00226428578
1925,228936.94179606787
1926,371799.14962896815
1927,133917.11295454536
1928,163226.83284999995
1929,125219.26422698413
1930,140645.29745793663
1931,136314.7267547619
1932,139640.60081162173
1933,179161.90860238086
1934,183882.98689999976
1935,174088.08777301578
1936,190386.954672619
1937,182856.03046608932
1938,169570.9739452381
1939,269446.89911587304
1940,203246.51511111105
1941,179927.81168759018
1942,183129.8011785714
1943,204033.70284206342
1944,323880.07601309515
1945,353342.9851626984
1946,158023.58971825393
1947,310603.2024730161
1948,167111.9931309524
1949,249660.3848285714
1950,180713.66352777774
1951,256525.0048650793
1952,258062.94194285708
1953,167326.91477727276
1954,209118.0743295454
1955,129944.83405490618
1956,284129.6875527779
1957,166561.70714199136
1958,294571.44761587284
1959,147496.98097287153
1960,112220.24501190482
1961,123838.14799285715
1962,99596.77131125538
1963,106210.63849696971
1964,114669.87307698409
1965,156825.3149436508
1966,153543.59849819646
1967,278390.4816238096
1968,366079.72821944446
1969,372904.23341111117
1970,427144.2239103176
1971,415650.88240952377
1972,362363.24483571475
1973,308706.46421706345
1974,315371.5554523811
1975,419561.39592182526
1976,256580.14762888482
1977,348309.2277047619
1978,369962.3097321429
1979,358807.34925685445
1980,189743.31242063496
1981,352527.18925923517
1982,252502.02634603175
1983,249981.4800579365
1984,167376.77238293662
1985,205051.15623874485
1986,194887.92508095247
1987,183687.2776904762
1988,179491.25074365074
1989,182589.17230865805
1990,220926.05525382404
1991,203046.8979571429
1992,217468.69786587302
1993,167858.54284246065
1994,238418.50564603164
1995,178833.37201457983
1996,250145.1501402596
1997,323229.33548650786
1998,342077.39687748905
1999,244588.7847257938
2000,293249.50838373014
2001,256205.0335142858
2002,231358.9092301226
2003,263753.2763194446
2004,281760.1070099208
2005,254793.76622777773
2006,235514.41435317456
2007,246982.23343993505
2008,192702.85927612372
2009,200788.19054325405
2010,186750.67275317456
2011,159107.26611666675
2012,177400.20972112348
2013,184520.1218886003
2014,194507.81442023814
2015,194494.49380497818
2016,198747.7653670635
2017,199508.1036301586
2018,130389.72969285709
2019,133711.91055396828
2020,126109.82922698406
2021,118873.87796984123
2022,167342.56705238108
2023,165334.82720873007
2024,230616.93022900447
2025,336615.52669444453
2026,184372.7600704544
2027,153640.65189127004
2028,155768.41350198427
2029,171471.01431984134
2030,282392.5886007938
2031,251201.27081111108
2032,272151.2522718255
2033,266945.504325458
2034,164624.15591331193
2035,210258.81297640703
2036,207978.78189206356
2037,209423.09924801596
2038,317484.1776376985
2039,203393.929729365
2040,367710.388003968
2041,278235.62837817444
2042,205748.16823344174
2043,166733.30023650787
2044,186267.70847936528
2045,241241.40593571425
2046,140741.38526031756
2047,145399.64331962488
2048,138510.63661666668
2049,138678.64656414147
2050,180566.9301765568
2051,113655.66351984124
2052,136184.5593206348
2053,145190.07610119056
2054,82827.97354747471
2055,152858.4349317461
2056,132786.48255634922
2057,127739.91323730155
2058,207115.46783160165
2059,145159.43131962474
2060,154291.162529293
2061,161743.68096428574
2062,139775.05052182547
2063,112325.2218577201
2064,138105.50122438688
2065,123661.56722784993
2066,182701.54089920636
2067,154369.74136984124
2068,140956.19641774913
2069,96393.99562128424
2070,109936.60406984124
2071,96180.44441428571
2072,148795.00409285713
2073,135165.62639841266
2074,173074.41131111118
2075,150030.3869134921
2076,121397.2363063492
2077,146860.46380555554
2078,131971.00961904763
2079,131357.36934069265
2080,117311.39873326119
2081,123877.41164920633
2082,135608.41098910535
2083,144428.5306404762
2084,114560.05724502167
2085,141056.94739087296
2086,134673.71052182541
2087,125474.63312882389
2088,116635.63543719327
2089,94672.0804761905
2090,122625.07450378507
2091,116908.67185238101
2092,129660.51940158728
2093,140372.41389365072
2094,121249.12499206352
2095,148429.08825674606
2096,93139.06397936514
2097,92826.93912063501
2098,154898.3098079367
2099,80924.96925317454
2100,120435.15355476194
2101,128612.24682539665
2102,143617.48552092357
2103,102425.64764790764
2104,132409.52496428575
2105,122224.25302063493
2106,93188.82388914148
2107,254450.21057261914
2108,113555.0694793652
2109,121989.45003333334
2110,127700.76887460319
2111,154965.09679761916
2112,146047.88805079364
2113,116440.51305079371
2114,109673.22599870131
2115,149401.3919079365
2116,120873.26121861473
2117,145827.1960809524
2118,121510.88486587306
2119,107007.75078383846
2120,119287.72754761904
2121,102461.6935246032
2122,104069.20476637797
2123,101388.9709730159
2124,200147.50680158715
2125,131085.04588412712
2126,159922.87665468972
2127,138333.92081746034
2128,124976.29398095234
2129,102181.64363607507
2130,134005.34125158723
2131,167892.0604738096
2132,120802.00341464643
2133,119470.54059956713
2134,119238.47426981082
2135,99097.012338456
2136,77369.99938492058
2137,119354.24440000003
2138,133659.51360873572
2139,149653.8922898991
2140,134125.8893849206
2141,139535.4357515873
2142,140775.30603412708
2143,151896.23545683772
2144,121282.62935357148
2145,134102.67632142862
2146,147122.42800714282
2147,172637.03936269833
2148,123087.54015317465
2149,130492.66561471863
2150,241149.8172174604
2151,123762.35563809515
2152,169829.00207568548
2153,153271.90287698407
2154,111950.09512698413
2155,125708.84783333333
2156,237198.14776273462
2157,238328.84113730173
2158,225751.17164834047
2159,221084.50427182537
2160,164180.1150107145
2161,250926.36390158747
2162,388966.4272714285
2163,359116.97560912697
2164,264217.0766026335
2165,185536.01425555558
2166,138480.20280238107
2167,199565.9484546177
2168,208237.60945317458
2169,196596.68029794362
2170,220783.64315912718
2171,144186.26970952385
2172,144093.5151365079
2173,158895.07878997107
2174,242988.37286666673
2175,306907.3438916668
2176,298968.0312313491
2177,254229.0685110391
2178,225439.31977698414
2179,145482.02882857143
2180,183972.90621269835
2181,200725.65845515873
2182,221485.51310591633
2183,197933.4506281744
2184,135884.93387936507
2185,127323.21650079369
2186,151664.70539942276
2187,154363.6367852815
2188,157327.4047646825
2189,199953.6220515871
2190,103066.57321904768
2191,101910.60901428576
2192,86868.64731428563
2193,93703.80065793658
2194,109052.76054127
2195,105774.81676984123
2196,109864.19193253969
2197,100006.94195634914
2198,161590.64826897552
2199,172171.9769506494
2200,122980.91435909644
2201,133789.21513225106
2202,201702.75303095224
2203,169170.97864126976
2204,175999.32483968273
2205,115486.25533982682
2206,142011.83773015864
2207,234492.55333769854
2208,231980.04922597387
2209,179457.8922031747
2210,129431.95866017317
2211,108146.18641305905
2212,113274.935623088
2213,101181.76704040401
2214,151004.95251666673
2215,103448.10310036078
2216,136311.71801746037
2217,91539.87586111114
2218,82106.80133333328
2219,78472.29200476193
2220,70417.87914126986
2221,321222.92307222245
2222,242253.45755555545
2223,282496.41460555565
2224,215864.42504960313
2225,146182.440400433
2226,179832.7790761905
2227,195225.50495714296
2228,277241.6522321428
2229,244553.66854523818
2230,161631.75520753977
2231,203642.66854960332
2232,176914.0038293651
2233,175839.1962377899
2234,241898.88132698415
2235,198115.43757380964
2236,269804.25089563517
2237,343332.93533383805
2238,202202.12922395393
2239,144178.03811071426
2240,165142.43477222216
2241,148954.0569031745
2242,132129.31984920625
2243,142230.52178333333
2244,98625.63022063501
2245,95476.04506515143
2246,143836.54320238094
2247,105506.03873968257
2248,125060.201552381
2249,129390.24000000014
2250,130828.8867444445
2251,127042.94719920629
2252,175382.97430952368
2253,158174.49359761918
2254,180890.70896746017
2255,185898.2776590907
2256,177747.5342198774
2257,211551.97956904757
2258,172568.02403051933
2259,179334.23063997107
2260,152841.39668394657
2261,192960.14088809508
2262,211572.48294999995
2263,339186.2532011907
2264,408382.5063243146
2265,156383.02546652235
2266,291143.89365714265
2267,315437.2865389612
2268,383597.1485388891
2269,169785.4273168109
2270,176946.64900169565
2271,255106.22239841276
2272,199250.81818849203
2273,166127.7038346154
2274,172839.2627041847
2275,169220.84781305914
2276,183856.58866468244
2277,179440.50922539696
2278,149094.4059141414
2279,132884.8495873016
2280,107946.59150952373
2281,176671.14384738597
2282,180000.18553699646
2283,99843.03291125539
2284,113301.77447207777
2285,148563.57875072167
2286,128161.78148809526
2287,353795.22745119047
2288,270290.888834127
2289,365920.0394584416
2290,424372.18414098123
2291,337558.5633059522
2292,395656.2741020923
2293,416817.5915837301
2294,409408.8424234128
2295,406292.0464227273
2296,285933.55075753963
2297,330586.0773678573
2298,343806.7313007934
2299,404414.88699693343
2300,316388.12848650804
2301,290884.59496626974
2302,230111.51324956707
2303,259654.22040357153
2304,260963.01965158735
2305,182339.53980000017
2306,183607.80969682554
2307,188215.64806031753
2308,235005.48543180694
2309,283172.5357388887
2310,255140.79730357142
2311,184202.64208608054
2312,172849.8462524892
2313,177925.62236071422
2314,169627.94082420648
2315,175355.3767929653
2316,182081.9874422773
2317,176195.12128968252
2318,175210.64693383846
2319,173082.9563710319
2320,185009.8478979853
2321,257460.06062352104
2322,180659.46322619022
2323,167415.57332738113
2324,163332.36306031767
2325,221710.02750079375
2326,163669.66203611135
2327,214809.5782570708
2328,219954.4040158009
2329,186953.49076226537
2330,176668.45528210673
2331,350833.76274098107
2332,384031.98288968264
2333,312047.76767103164
2334,255940.43589246034
2335,253384.49838809526
2336,313922.0134142856
2337,195056.01328910518
2338,260204.62862882382
2339,245112.68917182542
2340,373735.7093782831
2341,222509.26664184695
2342,235677.8635051589
2343,215109.48743293658
2344,245346.8163015873
2345,255118.43171031756
2346,233764.4371674603
2347,190444.41647283526
2348,238688.4839960319
2349,165497.15536150787
2350,294070.7138071432
2351,265926.8573301589
2352,248748.02983001436
2353,229184.1878296897
2354,143269.04322261908
2355,152852.06240238104
2356,153850.2372187424
2357,195539.46973849196
2358,205089.45260663747
2359,124821.69658253966
2360,128475.74632539686
2361,136778.8523672439
2362,255816.1073146826
2363,137037.78319841268
2364,149162.01834523818
2365,240887.5259738095
2366,203293.2903071428
2367,249881.62095436512
2368,187108.57761227092
2369,237848.68916291196
2370,174570.05154523815
2371,173779.17081161618
2372,174237.55276428576
2373,252983.8233543652
2374,285801.38766269817
2375,251473.83836587315
2376,255844.62391230158
2377,296293.20499801595
2378,142064.91516031756
2379,203824.72878932187
2380,145001.99908795106
2381,160073.99042640693
2382,194500.8097714286
2383,220809.73111666628
2384,237888.1092920634
2385,151077.81125414866
2386,144209.39261599508
2387,137502.86106190475
2388,120042.02394682541
2389,132998.3885797315
2390,140096.9169873016
2391,135329.90502720058
2392,115075.03867460317
2393,163050.73554166668
2394,146113.5901777779
2395,197153.0478801588
2396,151397.6301015873
2397,197333.6587658729
2398,124097.64402539693
2399,60299.67836507937
2400,65520.77826349209
2401,124134.90541746034
2402,137220.05413492068
2403,139505.86617207795
2404,146722.22567265516
2405,162520.3919233765
2406,133675.24968730166
2407,128576.73939141967
2408,143939.54550000018
2409,146338.19867063483
2410,167845.53849682555
2411,121362.05187936513
2412,151847.30002150076
2413,139303.5924047619
2414,136357.77614920636
2415,135263.84780425695
2416,126471.10260498381
2417,131939.7894144078
2418,125884.37360793652
2419,135956.6518992064
2420,122993.77060620491
2421,145922.8420309524
2422,119757.68904798533
2423,122031.40419047623
2424,161672.11336150792
2425,182063.34157431446
2426,121418.85981111108
2427,132964.43574653676
2428,165180.800584127
2429,114600.55036031743
2430,128106.31696825397
2431,127649.0050007937
2432,135225.84682857143
2433,146592.56145000004
2434,137105.60793134914
2435,156112.50845555554
2436,110664.22500476196
2437,122307.24337655675
2438,125510.16016666667
2439,117953.36779913427
2440,125383.83442539681
2441,102455.00288571425
2442,104227.77861666669
2443,117773.6021907287
2444,132783.65867543285
2445,100947.17371428566
2446,120733.92614206353
2447,211166.33655793642
2448,142673.42316904763
2449,110699.36713174602
2450,139252.96343492065
2451,126587.71706031739
2452,211781.73342777765
2453,101566.53507063497
2454,126452.12668650801
2455,122583.45902366526
2456,127980.60324523818
2457,120059.21672857144
2458,106795.6238999999
2459,109086.00550526689
2460,142957.40930476194
2461,113590.57040880792
2462,135765.39485476198
2463,116330.95536385832
2464,143849.1687738096
2465,126614.2374611111
2466,120537.92227619051
2467,151801.22108174616
2468,99474.72677499999
2469,99242.25782420627
2470,174284.48419682536
2471,202702.3492920634
2472,178863.40081031746
2473,113551.27260674615
2474,110920.94388968254
2475,226601.68274025983
2476,120204.30810952376
2477,130719.95648629151
2478,170277.57655476194
2479,118515.82791111108
2480,141606.75953455994
2481,129177.76668650791
2482,131422.94397344877
2483,120982.74272857147
2484,128414.03661616168
2485,129602.41681428568
2486,154562.72493015876
2487,201379.87099999984
2488,137683.29015079353
2489,150842.75188730154
2490,154639.96015277778
2491,99687.25749166675
2492,189481.14007936517
2493,140412.6545262626
2494,157931.80850793654
2495,108445.87740396825
2496,229079.54912821093
2497,139130.78338997113
2498,123710.09786190471
2499,106134.99993571437
2500,132612.03268253966
2501,131309.6311956349
2502,150957.57757222236
2503,107642.19837936504
2504,183648.4768015875
2505,211467.31795090175
2506,255861.0053559525
2507,340535.7564449496
2508,253838.11165039695
2509,216684.27560750363
2510,241290.10738968235
2511,183607.18819920643
2512,213415.05311507938
2513,226694.64949704177
2514,251112.7067357144
2515,144797.76002777784
2516,161066.65701746035
2517,133591.8306317462
2518,143623.45753650807
2519,231998.679220635
2520,203424.03948593058
2521,190985.27805119051
2522,220840.31205158719
2523,122315.51921031746
2524,138799.15035396823
2525,141731.36416904762
2526,142177.80814126984
2527,126624.1817166666
2528,122973.25883333328
2529,130544.48408138525
2530,116466.14460793651
2531,238943.0860849207
2532,236702.62430000005
2533,200627.03609087304
2534,246967.00407228342
2535,281060.07607936516
2536,227696.03173831163
2537,219669.80503571418
2538,185844.95226875896
2539,183058.39619087309
2540,177973.59097514424
2541,178461.20715288576
2542,169426.6078646825
2543,127319.35270692648
2544,136701.2802924604
2545,127912.75867777769
2546,146152.64553571434
2547,144825.2404030303
2548,163725.28799011538
2549,164054.86520873016
2550,401563.7190103173
2551,148488.61707936515
2552,131216.68104632036
2553,103070.24128650797
2554,122756.7151459597
2555,106391.83236984123
2556,110038.92804920636
2557,108405.64192936507
2558,154567.32964393942
2559,134741.53164563482
2560,124306.14679072042
2561,124131.83925396827
2562,131634.04210714292
2563,145244.89642366514
2564,163476.80710476183
2565,128314.64566435783
2566,162272.36992142862
2567,125901.98864365075
2568,179774.77397063497
2569,182515.73078095255
2570,130298.58751731606
2571,174115.5538051586
2572,206118.8954626983
2573,250007.44745000012
2574,278634.86913412705
2575,125014.41365584414
2576,130796.08912142852
2577,162655.03859365085
2578,95815.41036305914
2579,78192.56996984122
2580,143580.18971984126
2581,132423.6102246031
2582,113532.68581226555
2583,286714.77956150833
2584,158966.31138928587
2585,181850.3549809524
2586,193951.37226215724
2587,201283.65168888884
2588,142344.14829285728
2589,142157.92782128428
2590,218750.52292182538
2591,198708.66367460304
2592,233819.86844999986
2593,262184.2649095238
2594,177283.42049175827
2595,216983.98010793637
2596,325938.8545246029
2597,186742.62554206353
2598,264644.9408392858
2599,339934.12016558443
2600,153571.974837951
2601,137996.51959920634
2602,85122.80678174604
2603,89604.48991183256
2604,85155.50955158735
2605,87493.19729603188
2606,142287.70737619052
2607,175478.65600317463
2608,194394.1144849207
2609,161428.92134007934
2610,105444.74264285708
2611,139845.11437380954
2612,153972.37159523813
2613,123301.15815555552
2614,127774.96749285728
2615,147771.0948787157
2616,132194.24166666664
2617,170134.92532489184
2618,175555.64634523806
2619,245506.61998650807
2620,177581.91752857133
2621,181815.0153749999
2622,187002.8281698413
2623,242536.11077619047
2624,291199.2262099206
2625,294651.31278174615
2626,167465.76903290045
2627,194218.0537746031
2628,422812.5433761904
2629,408220.7526178568
2630,385941.2350190475
2631,456980.6929960314
2632,399328.8827904762
2633,302596.9343761907
2634,371691.92840793653
2635,149882.843599567
2636,201977.88821587304
2637,162239.86451666665
2638,254962.37239444445
2639,186772.333463492
2640,151561.48387756135
2641,115370.0724761904
2642,185482.4844841272
2643,112027.95269696972
2644,133442.76716349204
2645,100969.88257236646
2646,99321.89119379508
2647,101212.9553025252
2648,145625.42314025975
2649,142852.32936190467
2650,147569.9245721502
2651,158644.5490325396
2652,437568.6032789682
2653,256037.7838613639
2654,250157.4855087299
2655,357798.4945643939
2656,321018.3429916668
2657,307892.8571031745
2658,270710.64836865093
2659,311843.85870079347
2660,350385.5829611112
2661,355679.8418421718
2662,350438.62598740996
2663,286991.32025501423
2664,282547.81325317454
2665,326610.0674
2666,296087.15832817456
2667,167705.3089337303
2668,175748.59993048347
2669,177038.0884588744
2670,281039.021244769
2671,175748.59993048347
2672,181787.45350609664
2673,193853.26740476175
2674,181261.42321666682
2675,170214.92951904767
2676,187777.35263676036
2677,195323.16866782098
2678,259909.82742777793
2679,288005.9219876982
2680,293254.82214999973
2681,387561.0645646825
2682,317231.95590000006
2683,404552.91824891756
2684,309670.2762261907
2685,325526.3468666665
2686,263502.4571968254
2687,279380.23264761915
2688,232554.72940973757
2689,220150.05948571433
2690,457086.0281162694
2691,196698.2682515873
2692,151908.01811825397
2693,189392.4605083332
2694,148207.45771507936
2695,187642.9603896522
2696,181719.00817309352
2697,199161.91002698397
2698,194636.96919682535
2699,179708.3449857143
2700,176482.50744523795
2701,154747.1610924603
2702,131882.5957074315
2703,146627.33130992056
2704,143719.34202380953
2705,128914.0895775614
2706,129207.74642539679
2707,126350.13337878787
2708,130782.15491486291
2709,107244.86363095239
2710,127541.54003015874
2711,271579.0020579366
2712,345945.6620277778
2713,169182.51910245314
2714,149635.76366443015
2715,173043.20958701297
2716,155147.60094678937
2717,173530.87852442276
2718,239814.54500767018
2719,155008.89147817463
2720,168386.95719632582
2721,141305.98855079376
2722,165515.15444285708
2723,144284.2345828283
2724,126641.94935000001
2725,135312.61244047622
2726,150350.7074404762
2727,165046.7121579366
2728,164127.77647460307
2729,154757.68555238095
2730,141430.79024603177
2731,114003.5246223221
2732,116163.80344834055
2733,162846.24037936496
2734,155563.0885198414
2735,132316.85375515872
2736,148291.07928730163
2737,120647.90668787879
2738,137755.41929841277
2739,159191.7615090908
2740,137220.23473809529
2741,153040.82759841272
2742,154717.16973434342
2743,145407.43099899
2744,152366.47323769846
2745,136045.30724694752
2746,129732.55005930738
2747,156085.92067380957
2748,130302.13697265524
2749,128544.81207676767
2750,136819.38887182542
2751,121887.37588152953
2752,253691.81195158756
2753,149501.44542063485
2754,205461.94843416297
2755,129190.02056926412
2756,96741.51415317463
2757,87329.16195238098
2758,84349.5733936508
2759,157995.17540317465
2760,155698.98276746031
2761,149608.57868492065
2762,148729.70992420646
2763,183610.93008095238
2764,175947.61641756864
2765,276383.58599484136
2766,134757.43801096687
2767,95919.55862976197
2768,130454.76184624822
2769,141838.91686984122
2770,150604.22024841263
2771,123108.15413650779
2772,115321.23367460325
2773,138029.10282936503
2774,132366.5431753968
2775,142678.29240793656
2776,133840.1951983044
2777,158245.1520039682
2778,110116.9621809524
2779,128578.06294365076
2780,109317.23062484733
2781,99416.35305873008
2782,100462.27334047612
2783,94614.33089682543
2784,125476.97503975478
2785,133220.43186825397
2786,64049.172642857135
2787,116218.03266150798
2788,79977.14854047616
2789,225035.52786302305
2790,89890.71833809522
2791,119574.74134199141
2792,78980.95137619042
2793,167138.82594285707
2794,95851.84513452373
2795,114195.10476190476
2796,101450.1898285714
2797,197972.52198968275
2798,120591.7075892857
2799,113056.33969285709
2800,86823.82498686868
2801,104034.9770043288
2802,137137.72495158727
2803,159054.87379668106
2804,159050.5622841269
2805,106903.09417063487
2806,100938.48585714289
2807,146796.8240595238
2808,144284.88422857138
2809,135035.26731746036
2810,134783.16854880966
2811,161251.319554762
2812,147058.58040476195
2813,173463.83712882397
2814,172124.29937445882
2815,110069.93430476187
2816,253224.71913095238
2817,136683.67717914857
2818,127540.51989682541
2819,179138.53118582247
2820,129490.49071349212
2821,112658.53015396824
2822,171524.7970534273
2823,224717.9627702381
2824,188593.34095555564
2825,166430.4750785713
2826,136502.84271944445
2827,138951.86370021652
2828,219121.28001709984
2829,178921.21098293646
2830,239970.29933690483
2831,188682.54768373017
2832,212021.83623340545
2833,278922.84637976176
2834,222524.97470941566
2835,229064.73899877333
2836,192419.10053015867
2837,171534.57681370864
2838,153568.43677222222
2839,179503.94261746027
2840,196839.68567261912
2841,202215.45573492043
2842,219779.8298884923
2843,139357.00943510106
2844,153061.5866460317
2845,125318.34953174592
2846,209999.11677164488
2847,197929.86536984125
2848,210263.25596904746
2849,207562.6698253968
2850,275356.5065884918
2851,230022.41062294357
2852,220519.7393255052
2853,231340.51050238096
2854,138590.9358293651
2855,190818.73732777778
2856,207576.49945238105
2857,191409.6562282828
2858,189013.53114260462
2859,135742.71329119775
2860,118262.01878571429
2861,144609.4740000001
2862,191421.20104722213
2863,122174.13376031749
2864,251186.63979000732
2865,143913.74728134926
2866,137126.50030219785
2867,94029.67244682537
2868,121342.92692619048
2869,127783.4106909812
2870,155248.10708968257
2871,112156.07845873012
2872,72891.6844301588
2873,106235.34956706353
2874,133086.95203593068
2875,123992.38572301589
2876,157102.49480158743
2877,141461.00764126985
2878,159605.64794285723
2879,136942.64517539696
2880,116851.81706269836
2881,155867.73025317455
2882,159186.68648968247
2883,176241.59640476198
2884,183543.45172539674
2885,173121.80037049067
2886,185191.1269309524
2887,100919.03430670986
2888,123661.36678528143
2889,60320.05975974019
2890,78463.42592380958
2891,132635.08905079373
2892,59491.65901111108
2893,113504.85403730164
2894,68294.18227380954
2895,299710.14392738126
2896,286072.8342202383
2897,196600.50769523805
2898,159429.8789249639
2899,234557.07527449212
2900,158460.40418968265
2901,187151.29329841267
2902,177496.70722936507
2903,334793.6044285712
2904,338587.0288591268
2905,120549.59540101013
2906,197633.38365396834
2907,118577.90813730168
2908,130529.3606428573
2909,148709.85828120488
2910,83806.1980898268
2911,84914.12880555558
2912,156797.02302626276
2913,85095.39648134923
2914,84650.63144365078
2915,84093.9344325397
2916,84780.77536230162
2917,152067.59695075743
2918,115297.2404722222
2919,226882.7134503247
